p cnf 28 66 
-6 4 5 0
6 -4 0
6 -5 0
-28 10 11 0
28 -10 0
28 -11 0
-26 22 23 0
26 -22 0
26 -23 0
-27 24 25 0
27 -24 0
27 -25 0
-12 26 27 0
12 -26 0
12 -27 0
7 -4 -5 0
-7 4 0
-7 5 0
10 -4 -5 0
-10 4 0
-10 5 0
11 -9 -3 0
-11 9 0
-11 3 0
16 -14 -7 0
-16 14 0
-16 7 0
18 -13 -6 0
-18 13 0
-18 6 0
19 -8 -1 0
-19 8 0
-19 1 0
21 -15 -1 0
-21 15 0
-21 1 0
22 -16 -17 0
-22 16 0
-22 17 0
23 -2 -18 0
-23 2 0
-23 18 0
24 -19 -20 0
-24 19 0
-24 20 0
25 -2 -21 0
-25 2 0
-25 21 0
-8 -4 0
8 4 0
-13 -1 0
13 1 0
-14 -1 0
14 1 0
-17 -2 0
17 2 0
-20 -2 0
20 2 0
-9 -4 -5 0
-9 4 5 0
9 -4 5 0
9 4 -5 0
-15 -3 -9 0
-15 3 9 0
15 -3 9 0
15 3 -9 0

